// sample output @ dROSNode.py

nckmlb@xpso:~/test_wam/src/Gazebo_WAM/wamtrack$ ./dROSNode.py 
[3.4483 4.4937 3.7873 3.4236 2.6619 4.0583 2.7494]
[5.6032 6.0549 2.4092 4.9746 3.3231 3.5691 5.8157]
corz [[-4.0108e-04 -1.3761e-03 -2.8667e-04  1.2174e-03 -8.6381e-06 -8.8910e-06 -4.2199e-06]
 [ 1.2327e-03 -1.2662e-04  7.8582e-04  1.4249e-03 -2.0585e-05 -2.8838e-05  4.4964e-06]
 [-6.4449e-05 -5.2926e-04  6.2161e-05  9.5719e-04 -8.1136e-06  1.6375e-07 -3.2569e-06]
 [-3.0258e-05 -2.1028e-04 -9.6156e-04  2.9519e-06  7.3216e-06  1.4542e-05 -6.8207e-06]
 [ 1.1069e-05  3.8090e-05  7.7213e-06 -5.8906e-06  1.3199e-06 -7.8771e-06  2.9329e-06]
 [ 5.9313e-06 -1.4842e-05 -3.7530e-06 -6.8004e-06  6.2752e-06 -1.9139e-10  6.6865e-06]
 [-4.1177e-06 -1.2368e-06  1.3402e-06  3.7159e-06 -2.9347e-07 -6.6865e-06  0.0000e+00]]
q_current [3.3456 4.4667 3.9044 3.437  2.6204 4.1018 2.7052]
qdot [-0.1027 -0.027   0.1171  0.0134 -0.0415  0.0435 -0.0443]
corz [[-4.5487e-04 -1.5704e-03 -4.2766e-04  1.0505e-03 -9.2209e-06 -5.7303e-06 -4.6194e-06]
 [ 1.5283e-03 -1.1542e-04  6.9257e-04  1.6799e-03 -3.0311e-05 -3.2317e-05  3.7273e-06]
 [-2.1036e-05 -5.0623e-04  1.4432e-05  1.0049e-03 -1.0786e-05  3.1676e-06 -3.6760e-06]
 [ 3.7658e-06 -2.4462e-04 -1.0083e-03  3.5751e-06  9.3824e-06  1.6522e-05 -6.8825e-06]
 [ 6.9188e-06  4.1713e-05  8.7816e-06 -8.1096e-06  1.0616e-06 -1.1324e-05  3.2762e-06]
 [ 1.0205e-05 -1.4672e-05 -5.3894e-06 -7.9920e-06  9.9659e-06 -1.1812e-09  6.8045e-06]
 [-4.5158e-06 -1.7513e-06  1.5749e-06  3.7991e-06 -1.0338e-06 -6.8045e-06  0.0000e+00]]
q_current [3.2388 4.4364 4.0276 3.4399 2.5765 4.1378 2.6608]
qdot [-0.1068 -0.0303  0.1232  0.0029 -0.0439  0.0361 -0.0444]
corz [[-5.4293e-04 -1.7876e-03 -5.2057e-04  8.3547e-04 -6.9555e-06 -1.9907e-06 -4.8388e-06]
 [ 1.8625e-03 -7.7743e-05  5.4263e-04  1.9282e-03 -4.0879e-05 -3.5038e-05  2.7145e-06]
 [ 1.4753e-05 -4.5902e-04 -3.6432e-05  1.0206e-03 -1.2992e-05  6.8467e-06 -4.0115e-06]
 [ 3.3481e-05 -2.7958e-04 -1.0226e-03  4.2305e-06  1.1848e-05  1.8576e-05 -6.8359e-06]
 [ 1.9334e-06  4.3633e-05  9.3250e-06 -1.0834e-05  7.9220e-07 -1.5056e-05  3.5432e-06]
 [ 1.4611e-05 -1.3857e-05 -7.2569e-06 -9.2868e-06  1.4001e-05 -2.1536e-09  6.8351e-06]
 [-4.7373e-06 -2.3395e-06  1.7874e-06  3.8405e-06 -1.7940e-06 -6.8351e-06  0.0000e+00]]
q_current [3.1285 4.4031 4.1564 3.4316 2.5305 4.1655 2.6165]
qdot [-0.1103 -0.0333  0.1288 -0.0083 -0.046   0.0276 -0.0443]
corz [[-6.6454e-04 -2.0339e-03 -5.4917e-04  5.7971e-04 -1.7575e-06  2.1124e-06 -4.8285e-06]
 [ 2.2202e-03 -1.7223e-05  3.4466e-04  2.1597e-03 -5.1358e-05 -3.6561e-05  1.4971e-06]
 [ 3.6533e-05 -3.9639e-04 -8.6150e-05  1.0004e-03 -1.4294e-05  1.1131e-05 -4.2184e-06]
 [ 5.5291e-05 -3.1631e-04 -1.0006e-03  4.8960e-06  1.4657e-05  2.0681e-05 -6.6772e-06]
 [-3.2853e-06  4.3303e-05  9.2026e-06 -1.3998e-05  5.1467e-07 -1.8940e-05  3.7031e-06]
 [ 1.8810e-05 -1.2398e-05 -9.2770e-06 -1.0696e-05  1.8240e-05 -3.0884e-09  6.7701e-06]
 [-4.7333e-06 -2.9686e-06  1.9602e-06  3.8438e-06 -2.5330e-06 -6.7701e-06  0.0000e+00]]
q_current [3.0154 4.3673 4.2901 3.4116 2.4827 4.1838 2.5725]
qdot [-0.1131 -0.0359  0.1337 -0.02   -0.0477  0.0183 -0.044 ]
corz [[-8.1136e-04 -2.3097e-03 -5.0212e-04  2.9381e-04  6.0349e-06  6.2583e-06 -4.5622e-06]
 [ 2.5850e-03  5.3468e-05  1.1508e-04  2.3643e-03 -6.0625e-05 -3.6440e-05  1.5095e-07]
 [ 4.0927e-05 -3.3097e-04 -1.2935e-04  9.4253e-04 -1.4300e-05  1.5877e-05 -4.2562e-06]
 [ 6.7639e-05 -3.5599e-04 -9.4049e-04  5.5501e-06  1.7714e-05  2.2832e-05 -6.4092e-06]
 [-7.9671e-06  4.0364e-05  8.3614e-06 -1.7486e-05  2.2805e-07 -2.2806e-05  3.7320e-06]
 [ 2.2419e-05 -1.0368e-05 -1.1334e-05 -1.2246e-05  2.2504e-05 -3.9764e-09  6.6052e-06]
 [-4.4774e-06 -3.5915e-06  2.0781e-06  3.8189e-06 -3.2106e-06 -6.6052e-06  0.0000e+00]]
q_current [2.9002 4.3295 4.4282 3.3796 2.4337 4.1919 2.5288]
qdot [-0.1152 -0.0378  0.1381 -0.032  -0.0491  0.0081 -0.0437]
corz [[-9.6996e-04 -2.6057e-03 -3.7572e-04 -9.7573e-06  1.5653e-05  1.0049e-05 -4.0478e-06]
 [ 2.9426e-03  1.1472e-04 -1.2220e-04  2.5330e-03 -6.7492e-05 -3.4293e-05 -1.2150e-06]
 [ 2.7539e-05 -2.7578e-04 -1.5971e-04  8.4679e-04 -1.2731e-05  2.0863e-05 -4.0973e-06]
 [ 7.1316e-05 -3.9915e-04 -8.4242e-04  6.1758e-06  2.0905e-05  2.5040e-05 -6.0400e-06]
 [-1.1324e-05  3.4786e-05  6.8812e-06 -2.1146e-05 -7.1888e-08 -2.6457e-05  3.6169e-06]
 [ 2.5075e-05 -7.9112e-06 -1.3283e-05 -1.3976e-05  2.6581e-05 -4.8215e-09  6.3416e-06]
 [-3.9766e-06 -4.1502e-06  2.1307e-06  3.7804e-06 -3.7910e-06 -6.3416e-06  0.0000e+00]]
q_current [2.7834 4.2905 4.57   3.3356 2.3837 4.1892 2.4853]
qdot [-0.1168 -0.039   0.1418 -0.044  -0.05   -0.0027 -0.0434]
corz [[-1.1263e-03 -2.9036e-03 -1.7569e-04 -3.1796e-04  2.5991e-05  1.3065e-05 -3.3315e-06]
 [ 3.2835e-03  1.4611e-04 -3.3691e-04  2.6574e-03 -7.0872e-05 -2.9871e-05 -2.4703e-06]
 [-2.8332e-06 -2.4042e-04 -1.7060e-04  7.1418e-04 -9.4831e-06  2.5804e-05 -3.7337e-06]
 [ 6.8897e-05 -4.4497e-04 -7.0752e-04  6.7631e-06  2.4125e-05  2.7332e-05 -5.5818e-06]
 [-1.2746e-05  2.6963e-05  4.9853e-06 -2.4825e-05 -3.9068e-07 -2.9687e-05  3.3594e-06]
 [ 2.6498e-05 -5.2289e-06 -1.4960e-05 -1.5936e-05  3.0248e-05 -5.6396e-09  5.9866e-06]
 [-3.2762e-06 -4.5819e-06  2.1122e-06  3.7469e-06 -4.2473e-06 -5.9866e-06  0.0000e+00]]
q_current [2.6656 4.2512 4.715  3.28   2.3332 4.1752 2.442 ]
qdot [-0.1178 -0.0392  0.145  -0.0556 -0.0504 -0.014  -0.0433]
corz [[-1.2696e-03 -3.1795e-03  8.2371e-05 -6.1819e-04  3.5788e-05  1.4928e-05 -2.4941e-06]
 [ 3.6007e-03  1.3502e-04 -4.9448e-04  2.7294e-03 -6.9941e-05 -2.3134e-05 -3.4834e-06]
 [-5.0796e-05 -2.2877e-04 -1.5610e-04  5.4581e-04 -4.6573e-06  3.0372e-05 -3.1833e-06]
 [ 6.3325e-05 -4.9059e-04 -5.3716e-04  7.3081e-06  2.7316e-05  2.9741e-05 -5.0497e-06]
 [-1.1976e-05  1.7742e-05  3.0164e-06 -2.8399e-05 -7.3223e-07 -3.2297e-05  2.9771e-06]
 [ 2.6547e-05 -2.5557e-06 -1.6198e-05 -1.8170e-05  3.3286e-05 -6.4541e-09  5.5545e-06]
 [-2.4549e-06 -4.8281e-06  2.0213e-06  3.7381e-06 -4.5643e-06 -5.5545e-06  0.0000e+00]]
q_current [2.5471 4.2127 4.8628 3.2135 2.2827 4.1499 2.3985]
qdot [-0.1185 -0.0385  0.1478 -0.0665 -0.0505 -0.0253 -0.0435]
corz [[-1.3927e-03 -3.4115e-03  3.7383e-04 -8.9839e-04  4.3844e-05  1.5377e-05 -1.6357e-06]
 [ 3.8829e-03  8.4104e-05 -5.5912e-04  2.7399e-03 -6.4262e-05 -1.4293e-05 -4.1469e-06]
 [-1.1995e-04 -2.3952e-04 -1.1244e-04  3.4219e-04  1.4369e-06  3.4223e-05 -2.4906e-06]
 [ 5.5877e-05 -5.3040e-04 -3.3213e-04  7.8080e-06  3.0499e-05  3.2293e-05 -4.4610e-06]
 [-9.2124e-06  8.3248e-06  1.3787e-06 -3.1820e-05 -1.0952e-06 -3.4111e-05  2.5037e-06]
 [ 2.5239e-05 -1.2757e-07 -1.6842e-05 -2.0704e-05  3.5495e-05 -7.2903e-09  5.0658e-06]
 [-1.6113e-06 -4.8463e-06  1.8591e-06  3.7735e-06 -4.7403e-06 -5.0658e-06  0.0000e+00]]
q_current [2.4281 4.1759 5.0132 3.1371 2.2324 4.1133 2.3545]
qdot [-0.119  -0.0368  0.1504 -0.0763 -0.0503 -0.0366 -0.044 ]
corz [[-1.4892e-03 -3.5862e-03  6.6710e-04 -1.1461e-03  4.9226e-05  1.4309e-05 -8.5586e-07]
 [ 4.1077e-03  1.3264e-05 -4.9852e-04  2.6776e-03 -5.3845e-05 -3.8263e-06 -4.4010e-06]
 [-2.1578e-04 -2.6976e-04 -3.9324e-05  1.0314e-04  8.3188e-06  3.7037e-05 -1.7234e-06]
 [ 4.3984e-05 -5.5566e-04 -9.2539e-05  8.2546e-06  3.3796e-05  3.4983e-05 -3.8369e-06]
 [-5.1003e-06  5.8784e-08  4.6154e-07 -3.5138e-05 -1.4701e-06 -3.4988e-05  1.9866e-06]
 [ 2.2739e-05  1.8464e-06 -1.6759e-05 -2.3527e-05  3.6713e-05 -8.1672e-09  4.5447e-06]
 [-8.4373e-07 -4.6216e-06  1.6266e-06  3.8717e-06 -4.7868e-06 -4.5447e-06  0.0000e+00]]
q_current [2.3087 4.1417 5.1659 3.0522 2.1824 4.066  2.3096]
qdot [-0.1194 -0.0342  0.1527 -0.0849 -0.0499 -0.0474 -0.0449]
   0.1942    0.264     0.9448    0.2871    
   0.533     0.7801   -0.3276    0.0563    
  -0.8235    0.5672    0.01074  -0.05715   
   0         0         0         1         

   0.9938    0.03356  -0.1059    0.2342    
   0.01854  -0.99     -0.1399   -0.1172    
  -0.1095    0.137    -0.9845   -0.154     
   0         0         0         1         

  -0.6889    0.6835   -0.2413   -0.0807    
  -0.1545    0.1868    0.9702   -0.1087    
   0.7082    0.7057   -0.0231    0.6109    
   0         0         0         1         

[2.3087 4.1417 5.1659 3.0522 2.1824 4.066  2.3096]
[INFO] [1626815482.720346]: Published a joint trajectory as time 1626815482.720191
[INFO] [1626815483.723031]: Published a joint trajectory as time 1626815483.7227285

